BLOCK	0	100	2	5	8
BLOCK	0	100	3	45	35
BLOCK	0	100	4	76	55
BLOCK	0	100	5	120	32
BLOCK	0	100	6	163	44
BLOCK	0	100	7	194	24
BLOCK	0	100	8	232	27
BLOCK	0	100	9	269	28
BLOCK	0	100	10	308	31
BLOCK	0	100	11	347	30
BLOCK	0	100	12	400	51
BLOCK	0	100	13	448	60
BLOCK	0	100	14	474	24
BLOCK	0	100	15	526	48
BLOCK	0	100	16	555	30
BLOCK	0	100	17	595	33
BLOCK	0	100	1	4	0
BLOCK	0	100	2	42	30
BLOCK	0	100	3	86	38
BLOCK	0	100	4	122	28
BLOCK	0	100	5	159	29
BLOCK	0	100	6	198	29
BLOCK	0	100	7	231	31
BLOCK	0	100	8	268	29
BLOCK	0	100	9	302	32
BLOCK	0	100	10	336	30
BLOCK	0	100	11	373	28
BLOCK	0	100	12	419	49
BLOCK	0	100	13	456	28
BLOCK	0	100	14	494	32
BLOCK	0	100	15	525	25
BLOCK	0	100	16	571	35
BLOCK	0	100	17	607	32
BLOCK	0	100	18	660	40
BLOCK	0	100	19	696	30
BLOCK	0	100	20	741	40
BLOCK	0	100	21	786	37
BLOCK	0	100	22	838	43
BLOCK	0	100	23	878	36
BLOCK	0	100	24	910	26
BLOCK	0	100	25	955	57
BLOCK	0	100	26	989	30
BLOCK	0	100	27	1029	34
BLOCK	0	100	28	1071	35
BLOCK	0	100	29	1111	35
BLOCK	0	100	30	1147	31
BLOCK	0	100	31	1186	37
BLOCK	0	100	32	1222	52
BLOCK	0	100	33	1274	55
BLOCK	0	100	34	1305	27
BLOCK	0	100	35	1339	29
BLOCK	0	100	36	1374	28
BLOCK	0	100	37	1412	33
BLOCK	0	100	38	1456	41
BLOCK	0	100	39	1507	43
BLOCK	0	100	40	1545	34
BLOCK	0	100	41	1582	31
BLOCK	0	100	42	1625	45
BLOCK	0	100	43	1668	38
BLOCK	0	100	44	1718	61
BLOCK	0	100	45	1754	32
BLOCK	0	100	46	1790	45
BLOCK	0	100	47	1827	37
BLOCK	0	100	48	1873	41
BLOCK	0	100	49	1912	86
BLOCK	0	100	50	1953	39
BLOCK	0	100	51	1990	42
BLOCK	0	100	52	2026	40
BLOCK	0	100	53	2072	56
BLOCK	0	100	54	2107	31
BLOCK	0	100	55	2143	41
BLOCK	0	100	56	2180	36
BLOCK	0	100	57	2219	37
BLOCK	0	100	58	2254	37
BLOCK	0	100	59	2292	40
BLOCK	0	100	60	2339	48
BLOCK	0	100	61	2381	38
BLOCK	0	100	62	2416	32
BLOCK	0	100	63	2457	39
BLOCK	0	100	64	2499	53
BLOCK	0	100	65	2537	58
BLOCK	0	100	66	2575	51
BLOCK	0	100	67	2619	42
BLOCK	0	100	68	2664	71
BLOCK	0	100	69	2705	41
BLOCK	0	100	70	2741	63
BLOCK	0	100	71	2789	42
BLOCK	0	100	72	2831	39
BLOCK	0	100	73	2865	34
BLOCK	0	100	74	2907	59
BLOCK	0	100	75	2945	38
BLOCK	0	100	76	2991	44
BLOCK	0	100	77	3021	32
BLOCK	0	100	78	3068	45
BLOCK	0	100	79	3124	56
BLOCK	0	100	80	3172	66
BLOCK	0	100	81	3214	66
BLOCK	0	100	82	3255	40
BLOCK	0	100	83	3304	51
BLOCK	0	100	84	3345	43
BLOCK	0	100	85	3379	45
BLOCK	0	100	86	3422	90
BLOCK	0	100	87	3460	37
BLOCK	0	100	88	3495	53
BLOCK	0	100	89	3532	36
BLOCK	0	100	90	3576	43
BLOCK	0	100	91	3610	33
BLOCK	0	100	92	3649	48
BLOCK	0	100	93	3690	70
BLOCK	0	100	94	3721	32
BLOCK	0	100	95	3766	47
BLOCK	0	100	96	3812	48
BLOCK	0	100	97	3846	36
BLOCK	0	100	98	3879	33
BLOCK	0	100	99	3919	43
BLOCK	0	100	100	3953	89
BLOCK	0	100	101	3990	45
BLOCK	0	100	102	4038	54
BLOCK	0	100	103	4078	42
BLOCK	0	100	104	4115	40
BLOCK	0	100	105	4155	60
BLOCK	0	100	106	4197	51
BLOCK	0	100	107	4242	62
BLOCK	0	100	108	4280	80
BLOCK	0	100	109	4312	37
BLOCK	0	100	110	4361	56
BLOCK	0	100	111	4411	72
BLOCK	0	100	112	4440	39
BLOCK	0	100	113	4483	52
BLOCK	0	100	114	4527	45
BLOCK	0	100	115	4572	49
BLOCK	0	100	116	4614	52
BLOCK	0	100	117	4655	46
BLOCK	0	100	118	4695	42
BLOCK	0	100	119	4730	65
BLOCK	0	100	120	4774	47
BLOCK	0	100	121	4810	78
BLOCK	0	100	122	4849	53
BLOCK	0	100	123	4891	180
BLOCK	0	100	124	4929	46
BLOCK	0	100	125	4964	53
BLOCK	0	100	126	5008	63
BLOCK	0	100	127	5057	91
BLOCK	0	100	128	5114	102
BLOCK	0	100	129	5161	59
BLOCK	0	100	130	5193	33
BLOCK	0	100	131	5233	50
BLOCK	0	100	132	5281	59
BLOCK	0	100	133	5327	90
BLOCK	0	100	134	5367	45
BLOCK	0	100	135	5410	71
BLOCK	0	100	136	5453	53
BLOCK	0	100	137	5489	42
BLOCK	0	100	138	5528	39
BLOCK	0	100	139	5570	46
BLOCK	0	100	140	5616	46
BLOCK	0	100	141	5657	45
BLOCK	0	100	142	5702	47
BLOCK	0	100	143	5744	45
BLOCK	0	100	144	5784	40
BLOCK	0	100	145	5825	59
BLOCK	0	100	146	5864	37
BLOCK	0	100	147	5898	36
BLOCK	0	100	148	5938	54
BLOCK	0	100	149	5975	50
BLOCK	0	100	150	6029	68
BLOCK	0	100	151	6070	56
BLOCK	0	100	152	6113	51
BLOCK	0	100	153	6152	144
BLOCK	0	100	154	6188	42
BLOCK	0	100	155	6233	81
BLOCK	0	100	156	6273	42
BLOCK	0	100	157	6301	62
BLOCK	0	100	158	6340	127
BLOCK	0	100	159	6387	60
BLOCK	0	100	160	6420	39
BLOCK	0	100	161	6459	42
BLOCK	0	100	162	6494	56
BLOCK	0	100	163	6527	36
BLOCK	0	100	164	6566	42
BLOCK	0	100	165	6597	59
BLOCK	0	100	166	6637	40
BLOCK	0	100	167	6676	40
BLOCK	0	100	168	6714	41
BLOCK	0	100	169	6752	45
BLOCK	0	100	170	6797	52
BLOCK	0	100	171	6839	48
BLOCK	0	100	172	6883	56
BLOCK	0	100	173	6925	81
BLOCK	0	100	174	6958	34
BLOCK	0	100	175	7004	51
BLOCK	0	100	176	7036	37
BLOCK	0	100	177	7076	45
BLOCK	0	100	178	7118	62
BLOCK	0	100	179	7165	72
BLOCK	0	100	180	7207	87
BLOCK	0	100	181	7247	52
BLOCK	0	100	182	7283	62
BLOCK	0	100	183	7325	64
BLOCK	0	100	184	7367	48
BLOCK	0	100	185	7409	50
BLOCK	0	100	186	7442	37
BLOCK	0	100	187	7491	55
BLOCK	0	100	188	7534	64
BLOCK	0	100	189	7579	84
BLOCK	0	100	190	7622	54
BLOCK	0	100	191	7663	61
BLOCK	0	100	192	7698	44
BLOCK	0	100	193	7734	74
BLOCK	0	100	194	7762	31
BLOCK	0	100	195	7801	138
BLOCK	0	100	196	7841	56
BLOCK	0	100	197	7881	53
BLOCK	0	100	198	7918	76
BLOCK	0	100	199	7957	83
BLOCK	0	100	200	7992	44
BLOCK	0	100	201	8034	63
BLOCK	0	100	202	8057	35
BLOCK	0	100	203	8092	44
BLOCK	0	100	204	8137	74
BLOCK	0	100	205	8175	75
BLOCK	0	100	206	8216	69
BLOCK	0	100	207	8250	47
BLOCK	0	100	208	8291	68
BLOCK	0	100	209	8325	50
BLOCK	0	100	210	8358	51
BLOCK	0	100	211	8392	72
BLOCK	0	100	212	8427	44
BLOCK	0	100	213	8469	61
BLOCK	0	100	214	8513	81
BLOCK	0	100	215	8552	67
BLOCK	0	100	216	8602	56
BLOCK	0	100	217	8644	55
BLOCK	0	100	218	8686	62
BLOCK	0	100	219	8724	50
BLOCK	0	100	220	8758	71
BLOCK	0	100	221	8801	65
BLOCK	0	100	222	8836	48
BLOCK	0	100	223	8875	59
BLOCK	0	100	224	8916	71
BLOCK	0	100	225	8955	56
BLOCK	0	100	226	8998	55
BLOCK	0	100	227	9039	76
BLOCK	0	100	228	9077	118
BLOCK	0	100	229	9112	53
BLOCK	0	100	230	9154	80
BLOCK	0	100	231	9196	112
BLOCK	0	100	232	9239	57
BLOCK	0	100	233	9285	100
BLOCK	0	100	234	9330	77
BLOCK	0	100	235	9377	64
BLOCK	0	100	236	9412	59
BLOCK	0	100	237	9451	73
BLOCK	0	100	238	9489	58
BLOCK	0	100	239	9529	50
BLOCK	0	100	240	9560	49
BLOCK	0	100	241	9593	57
BLOCK	0	100	242	9630	68
BLOCK	0	100	243	9672	73
BLOCK	0	100	244	9713	114
BLOCK	0	100	245	9757	99
BLOCK	0	100	246	9798	58
BLOCK	0	100	247	9840	114
BLOCK	0	100	248	9890	86
BLOCK	0	100	249	9930	54
BLOCK	0	100	250	9978	80
BLOCK	0	100	251	10018	55
BLOCK	0	100	252	10051	58
BLOCK	0	100	253	10089	65
BLOCK	0	100	254	10125	58
BLOCK	0	100	255	10169	126
BLOCK	0	100	256	10213	97
BLOCK	0	100	257	10258	65
BLOCK	0	100	258	10287	47
BLOCK	0	100	259	10334	71
BLOCK	0	100	260	10382	70
BLOCK	0	100	261	10437	73
BLOCK	0	100	262	10471	82
BLOCK	0	100	263	10508	71
BLOCK	0	100	264	10549	110
BLOCK	0	100	265	10589	184
BLOCK	0	100	266	10628	66
BLOCK	0	100	267	10662	45
BLOCK	0	100	268	10701	72
BLOCK	0	100	269	10751	67
BLOCK	0	100	270	10797	74
BLOCK	0	100	271	10832	48
BLOCK	0	100	272	10870	63
BLOCK	0	100	273	10902	133
BLOCK	0	100	274	10941	143
BLOCK	0	100	275	10982	98
BLOCK	0	100	276	11020	106
BLOCK	0	100	277	11053	45
BLOCK	0	100	278	11093	71
BLOCK	0	100	279	11127	58
BLOCK	0	100	280	11168	57
BLOCK	0	100	281	11203	54
BLOCK	0	100	282	11242	51
BLOCK	0	100	283	11279	70
BLOCK	0	100	284	11315	63
BLOCK	0	100	285	11358	58
BLOCK	0	100	286	11401	54
BLOCK	0	100	287	11446	78
BLOCK	0	100	288	11485	72
BLOCK	0	100	289	11530	75
BLOCK	0	100	290	11572	62
BLOCK	0	100	291	11610	65
BLOCK	0	100	292	11648	55
BLOCK	0	100	293	11683	75
BLOCK	0	100	294	11728	77
BLOCK	0	100	295	11764	54
BLOCK	0	100	296	11806	64
BLOCK	0	100	297	11853	91
BLOCK	0	100	298	11892	76
BLOCK	0	100	299	11927	67
BLOCK	0	100	300	11967	102
BLOCK	0	100	301	12005	61
BLOCK	0	100	302	12049	70
BLOCK	0	100	303	12088	72
BLOCK	0	100	304	12124	55
BLOCK	0	100	305	12168	125
BLOCK	0	100	306	12212	107
BLOCK	0	100	307	12255	101
BLOCK	0	100	308	12290	53
BLOCK	0	100	309	12336	92
BLOCK	0	100	310	12379	75
BLOCK	0	100	311	12418	112
BLOCK	0	100	312	12457	103
BLOCK	0	100	313	12490	50
BLOCK	0	100	314	12532	85
BLOCK	0	100	315	12569	73
BLOCK	0	100	316	12603	77
BLOCK	0	100	317	12642	108
BLOCK	0	100	318	12688	81
BLOCK	0	100	319	12726	145
BLOCK	0	100	320	12762	94
BLOCK	0	100	321	12811	144
BLOCK	0	100	322	12848	64
BLOCK	0	100	323	12887	66
BLOCK	0	100	324	12940	110
BLOCK	0	100	325	12986	86
BLOCK	0	100	326	13023	66
BLOCK	0	100	327	13069	87
BLOCK	0	100	328	13108	92
BLOCK	0	100	329	13139	73
BLOCK	0	100	330	13178	95
BLOCK	0	100	331	13221	105
BLOCK	0	100	332	13255	127
BLOCK	0	100	333	13308	127
BLOCK	0	100	334	13340	57
BLOCK	0	100	335	13380	75
BLOCK	0	100	336	13411	60
BLOCK	0	100	337	13454	85
BLOCK	0	100	338	13491	85
BLOCK	0	100	339	13526	81
BLOCK	0	100	340	13565	111
BLOCK	0	100	341	13603	92
BLOCK	0	100	342	13647	112
BLOCK	0	100	343	13692	88
BLOCK	0	100	344	13729	61
BLOCK	0	100	345	13777	107
BLOCK	0	100	346	13817	71
BLOCK	0	100	347	13858	84
BLOCK	0	100	348	13898	101
BLOCK	0	100	349	13942	72
BLOCK	0	100	350	13972	57
BLOCK	0	100	351	14009	110
BLOCK	0	100	352	14053	61
BLOCK	0	100	353	14088	64
BLOCK	0	100	354	14125	84
BLOCK	0	100	355	14164	77
BLOCK	0	100	356	14205	66
BLOCK	0	100	357	14250	147
BLOCK	0	100	358	14289	75
BLOCK	0	100	359	14327	133
BLOCK	0	100	360	14365	141
BLOCK	0	100	361	14403	60
BLOCK	0	100	362	14455	128
BLOCK	0	100	363	14498	115
BLOCK	0	100	364	14537	95
BLOCK	0	100	365	14576	82
BLOCK	0	100	366	14616	75
BLOCK	0	100	367	14649	118
BLOCK	0	100	368	14688	103
BLOCK	0	100	369	14726	97
BLOCK	0	100	370	14760	68
BLOCK	0	100	371	14796	55
BLOCK	0	100	372	14831	54
BLOCK	0	100	373	14868	71
BLOCK	0	100	374	14903	58
BLOCK	0	100	375	14936	44
BLOCK	0	100	376	14973	56
BLOCK	0	100	377	15017	67
BLOCK	0	100	378	15071	122
BLOCK	0	100	379	15111	63
BLOCK	0	100	380	15150	74
BLOCK	0	100	381	15192	81
BLOCK	0	100	382	15222	44
BLOCK	0	100	383	15258	61
BLOCK	0	100	384	15303	94
BLOCK	0	100	385	15345	67
BLOCK	0	100	386	15397	74
BLOCK	0	100	387	15436	71
BLOCK	0	100	388	15475	69
BLOCK	0	100	389	15519	71
BLOCK	0	100	390	15560	68
BLOCK	0	100	391	15591	55
BLOCK	0	100	392	15630	88
BLOCK	0	100	393	15676	72
BLOCK	0	100	394	15714	75
BLOCK	0	100	395	15754	65
BLOCK	0	100	396	15791	72
BLOCK	0	100	397	15834	139
BLOCK	0	100	398	15877	70
BLOCK	0	100	399	15923	91
BLOCK	0	100	400	15957	62
BLOCK	0	100	401	16000	86
BLOCK	0	100	402	16031	53
BLOCK	0	100	403	16073	68
BLOCK	0	100	404	16109	77
BLOCK	0	100	405	16157	107
BLOCK	0	100	406	16202	91
BLOCK	0	100	407	16244	88
BLOCK	0	100	408	16287	74
BLOCK	0	100	409	16328	97
BLOCK	0	100	410	16368	91
BLOCK	0	100	411	16406	72
BLOCK	0	100	412	16443	74
BLOCK	0	100	413	16489	90
BLOCK	0	100	414	16528	79
BLOCK	0	100	415	16577	116
BLOCK	0	100	416	16608	76
BLOCK	0	100	417	16643	70
BLOCK	0	100	418	16676	110
BLOCK	0	100	419	16715	94
BLOCK	0	100	420	16748	77
BLOCK	0	100	421	16787	87
BLOCK	0	100	422	16826	93
BLOCK	0	100	423	16870	97
BLOCK	0	100	424	16916	86
BLOCK	0	100	425	16954	70
BLOCK	0	100	426	16988	112
BLOCK	0	100	427	17035	106
BLOCK	0	100	428	17082	209
BLOCK	0	100	429	17118	96
BLOCK	0	100	430	17148	127
BLOCK	0	100	431	17185	103
BLOCK	0	100	432	17227	122
BLOCK	0	100	433	17265	78
BLOCK	0	100	434	17308	76
BLOCK	0	100	435	17353	80
BLOCK	0	100	436	17391	85
BLOCK	0	100	437	17439	102
BLOCK	0	100	438	17475	93
BLOCK	0	100	439	17516	88
BLOCK	0	100	440	17558	112
BLOCK	0	100	441	17608	119
BLOCK	0	100	442	17644	55
BLOCK	0	100	443	17682	92
BLOCK	0	100	444	17723	69
BLOCK	0	100	445	17763	86
BLOCK	0	100	446	17801	90
BLOCK	0	100	447	17831	77
BLOCK	0	100	448	17877	109
BLOCK	0	100	449	17918	80
BLOCK	0	100	450	17959	101
BLOCK	0	100	451	18001	76
BLOCK	0	100	452	18037	121
BLOCK	0	100	453	18081	94
BLOCK	0	100	454	18113	75
BLOCK	0	100	455	18150	82
BLOCK	0	100	456	18194	126
BLOCK	0	100	457	18233	126
BLOCK	0	100	458	18278	91
BLOCK	0	100	459	18322	112
BLOCK	0	100	460	18370	128
BLOCK	0	100	461	18407	84
BLOCK	0	100	462	18447	80
BLOCK	0	100	463	18488	97
BLOCK	0	100	464	18528	72
BLOCK	0	100	465	18572	92
BLOCK	0	100	466	18613	107
BLOCK	0	100	467	18659	147
BLOCK	0	100	468	18698	92
BLOCK	0	100	469	18732	92
BLOCK	0	100	470	18781	131
BLOCK	0	100	471	18819	118
BLOCK	0	100	472	18858	95
BLOCK	0	100	473	18904	110
BLOCK	0	100	474	18944	101
BLOCK	0	100	475	18984	80
BLOCK	0	100	476	19016	68
BLOCK	0	100	477	19056	126
BLOCK	0	100	478	19095	81
BLOCK	0	100	479	19136	181
BLOCK	0	100	480	19177	145
BLOCK	0	100	481	19215	95
BLOCK	0	100	482	19260	92
BLOCK	0	100	483	19300	94
BLOCK	0	100	484	19338	81
BLOCK	0	100	485	19377	94
BLOCK	0	100	486	19414	85
BLOCK	0	100	487	19452	95
BLOCK	0	100	488	19487	114
BLOCK	0	100	489	19527	119
BLOCK	0	100	490	19568	83
BLOCK	0	100	491	19606	118
BLOCK	0	100	492	19654	100
BLOCK	0	100	493	19693	91
BLOCK	0	100	494	19733	90
BLOCK	0	100	495	19767	120
BLOCK	0	100	496	19806	91
BLOCK	0	100	497	19847	98
BLOCK	0	100	498	19877	73
BLOCK	0	100	499	19908	76
BLOCK	0	100	500	19952	140
